version https://git-lfs.github.com/spec/v1
oid sha256:1d3b1cddd5b453e2165ddf9797abb74d58ffcc4d6322441c5c4b4e8940c4fce9
size 11771677
